y 116.0 90.0 0.0 131.0 136.0 73.0 190.0 145.0 105.0 0.0 2.0 231.0 112.0 0.0 0.0 84.0 203.0 0.0 0.0 0.0 213.0 84.0 0.0 0.0 0.0 
= 97.0 178.0 199.0 212.0 124.0 18.0 2.0 0.0 7.0 0.0 0.0 0.0 0.0 0.0 0.0 0.0 0.0 0.0 0.0 20.0 111.0 170.0 202.0 199.0 124.0 
4 134.0 0.0 0.0 128.0 65.0 205.0 0.0 0.0 126.0 96.0 203.0 3.0 0.0 105.0 162.0 87.0 83.0 89.0 123.0 192.0 0.0 0.0 0.0 25.0 192.0 
x 134.0 53.0 52.0 211.0 78.0 142.0 242.0 244.0 129.0 0.0 3.0 213.0 234.0 3.0 0.0 117.0 195.0 164.0 156.0 3.0 49.0 0.0 0.0 111.0 186.0 
+ 0.0 71.0 149.0 0.0 0.0 1.0 106.0 190.0 63.0 80.0 145.0 161.0 185.0 72.0 58.0 0.0 10.0 193.0 0.0 0.0 0.0 0.0 196.0 2.0 0.0 
3 71.0 89.0 172.0 114.0 0.0 0.0 0.0 118.0 179.0 0.0 24.0 90.0 200.0 57.0 0.0 0.0 0.0 4.0 108.0 189.0 97.0 118.0 92.0 93.0 147.0 
0 9.340659340659341 78.46153846153847 113.95604395604396 57.44505494505494 0.0 64.45054945054945 2.3351648351648353 0.0 69.12087912087912 86.4010989010989 47.17032967032967 0.0 0.0 0.0 68.18681318681318 61.18131868131868 0.0 0.0 0.0 47.637362637362635 37.362637362637365 17.747252747252748 2.3351648351648353 29.423076923076923 37.82967032967033 
= 175.66666666666666 226.66666666666666 229.5 155.83333333333334 136.0 53.833333333333336 28.333333333333332 11.333333333333334 17.0 34.0 0.0 0.0 0.0 0.0 0.0 0.0 0.0 0.0 0.0 0.0 53.833333333333336 116.16666666666667 59.5 150.16666666666666 87.83333333333333 
4 17.4 109.8 0.0 86.4 0.0 68.4 48.0 0.0 94.8 0.0 129.0 2.4 33.6 131.4 69.6 141.0 100.2 63.6 73.8 0.0 0.0 0.0 0.0 62.4 0.0 
x 117.6923076923077 14.711538461538462 0.0 2.451923076923077 208.41346153846155 117.6923076923077 176.53846153846155 0.0 132.40384615384616 98.07692307692308 0.0 120.14423076923077 220.67307692307693 120.14423076923077 0.0 0.0 115.24038461538461 213.31730769230768 161.82692307692307 2.451923076923077 68.65384615384616 186.34615384615384 4.903846153846154 100.52884615384616 58.84615384615385 
2 166.07692307692307 172.6153846153846 184.3846153846154 24.846153846153847 0.0 45.76923076923077 0.0 54.92307692307692 48.38461538461539 0.0 0.0 0.0 102.0 15.692307692307692 0.0 9.153846153846153 69.3076923076923 180.46153846153845 23.53846153846154 0.0 53.61538461538461 235.3846153846154 112.46153846153847 142.53846153846155 175.23076923076923 
+ 0.0 12.75 213.5625 0.0 0.0 0.0 3.1875 245.4375 0.0 0.0 0.0 9.5625 239.0625 82.875 51.0 178.5 251.8125 255.0 197.625 121.125 22.3125 0.0 149.8125 54.1875 0.0 
7 92.1923076923077 92.1923076923077 91.53846153846153 92.1923076923077 161.5 0.0 0.0 0.0 0.0 119.0 0.0 0.0 0.0 17.0 115.07692307692308 0.0 0.0 0.0 98.07692307692308 41.84615384615385 0.0 0.0 0.0 121.61538461538461 0.0 
x 167.875 78.625 0.0 0.0 93.5 48.875 233.75 72.25 163.625 150.875 0.0 125.375 255.0 153.0 0.0 155.125 187.0 80.75 214.625 23.375 76.5 0.0 0.0 82.875 180.625 
+ 0.0 190.6060606060606 18.03030303030303 0.0 0.0 0.0 198.33333333333334 43.78787878787879 0.0 0.0 0.0 206.06060606060606 149.3939393939394 66.96969696969697 10.303030303030303 203.4848484848485 252.42424242424244 139.0909090909091 118.48484848484848 128.78787878787878 0.0 198.33333333333334 25.757575757575758 0.0 0.0 
9 130.51775147928993 107.88461538461539 100.34023668639053 105.62130177514793 119.20118343195266 101.09467455621302 108.63905325443787 15.088757396449704 147.8698224852071 145.60650887573965 0.0 15.088757396449704 86.7603550295858 39.985207100591715 158.4319526627219 0.0 0.0 0.0 0.0 168.9940828402367 0.0 0.0 0.0 0.0 167.4852071005917 
y 131.5568181818182 0.0 0.0 66.64772727272727 124.02272727272727 54.47727272727273 58.53409090909091 73.02272727272727 154.1590909090909 10.431818181818182 0.0 0.0 174.4431818181818 2.897727272727273 0.0 0.0 21.443181818181817 139.0909090909091 0.0 0.0 0.0 104.31818181818181 57.375 0.0 0.0 
= 237.0703125 253.0078125 221.1328125 145.4296875 0.0 19.921875 15.9375 69.7265625 127.5 0.0 0.0 0.0 0.0 0.0 0.0 0.0 0.0 0.0 0.0 5.9765625 113.5546875 129.4921875 127.5 139.453125 185.2734375 
x 3.0357142857142856 0.0 0.0 0.0 121.42857142857143 136.60714285714286 71.8452380952381 0.0 75.89285714285714 76.9047619047619 0.0 113.33333333333333 146.72619047619048 112.32142857142857 0.0 0.0 49.583333333333336 151.78571428571428 148.75 6.071428571428571 69.82142857142857 113.33333333333333 0.0 46.54761904761905 170.0 
2 142.95454545454547 189.3181818181818 42.5 0.0 0.0 56.02272727272727 15.454545454545455 146.8181818181818 0.0 0.0 0.0 0.0 123.63636363636364 0.0 0.0 1.9318181818181819 67.61363636363636 200.9090909090909 88.86363636363636 0.0 17.386363636363637 152.61363636363637 38.63636363636363 100.45454545454545 166.13636363636363 
- 0.0 0.0 115.9090909090909 162.27272727272728 255.0 0.0 30.90909090909091 255.0 255.0 255.0 23.181818181818183 185.45454545454547 255.0 255.0 193.1818181818182 177.72727272727272 255.0 216.36363636363637 77.27272727272727 0.0 255.0 255.0 92.72727272727273 0.0 0.0 
1 6.881559220389805 70.34482758620689 122.33883058470765 0.0 0.0 66.904047976012 3.058470764617691 61.934032983508246 12.998500749625187 0.0 0.0 0.0 45.11244377811094 36.319340329835086 0.0 0.0 0.0 11.469265367316341 65.75712143928035 0.0 0.0 3.058470764617691 45.877061469265364 103.6056971514243 39.76011994002999 
5 6.0 64.71428571428571 61.285714285714285 57.0 6.0 94.71428571428571 39.857142857142854 0.0 0.0 0.0 87.85714285714286 57.42857142857143 54.42857142857143 73.71428571428571 13.714285714285714 14.142857142857142 0.0 0.0 0.8571428571428571 133.71428571428572 89.57142857142857 81.0 39.0 60.42857142857143 101.57142857142857 
